         T[MeV]          p/T^4          e/T^4          s/T^3          chi2B          chi4B    chi4B/chi2B
            100       0.266626        1.19473        1.46136     0.00263746     0.00261864       0.992866
            101       0.270608        1.21759         1.4882     0.00289844     0.00287504       0.991928
            102       0.274661        1.24111        1.51577     0.00318006     0.00315107       0.990884
            103       0.278788        1.26531         1.5441     0.00348351     0.00344771       0.989723
            104       0.282992        1.29023        1.57322     0.00381001     0.00376596       0.988437
            105       0.287275        1.31587        1.60315     0.00416084      0.0041068       0.987012
            106       0.291641        1.34227        1.63391     0.00453729     0.00447122       0.985437
            107       0.296094        1.36945        1.66555      0.0049407     0.00486016       0.983699
            108       0.300636        1.39744        1.69808     0.00537243     0.00527457       0.981784
            109       0.305271        1.42626        1.73153     0.00583388     0.00571531       0.979676
            110       0.310003        1.45593        1.76593     0.00632645     0.00618323       0.977361
            111       0.314835        1.48648        1.80132     0.00685159     0.00667908       0.974822
            112        0.31977        1.51794        1.83771     0.00741076     0.00720356       0.972041
            113       0.324812        1.55034        1.87515     0.00800543     0.00775726       0.968999
            114       0.329964        1.58369        1.91366     0.00863708     0.00834064       0.965678
            115        0.33523        1.61803        1.95326     0.00930719     0.00895405       0.962057
            116       0.340615        1.65339          1.994      0.0100172     0.00959767       0.958114
            117        0.34612        1.68978         2.0359      0.0107687      0.0102715       0.953827
            118       0.351751        1.72724          2.079      0.0115631      0.0109754       0.949173
            119       0.357511         1.7658        2.12331      0.0124017      0.0117088       0.944127
            120       0.363404        1.80548        2.16888      0.0132861      0.0124712       0.938665
            121       0.369434         1.8463        2.21573      0.0142175      0.0132615        0.93276
            122       0.375604         1.8883         2.2639      0.0151973      0.0140786       0.926386
            123       0.381918        1.93149        2.31341      0.0162267      0.0149207       0.919517
            124       0.388381        1.97592         2.3643      0.0173069       0.015786       0.912123
            125       0.394997        2.02159        2.41659      0.0184389       0.016672       0.904177
            126       0.401768        2.06855        2.47032      0.0196236      0.0175759        0.89565
            127         0.4087         2.1168         2.5255      0.0208621      0.0184945       0.886514
            128       0.415796        2.16638        2.58218      0.0221549      0.0194241        0.87674
            129       0.423061        2.21731        2.64037      0.0235026      0.0203603         0.8663
            130       0.430497         2.2696         2.7001      0.0249057      0.0212985       0.855166
            131        0.43811        2.32329         2.7614      0.0263643      0.0222333       0.843309
            132       0.445903        2.37839         2.8243      0.0278785      0.0231588       0.830705
            133       0.453879        2.43492         2.8888      0.0294481      0.0240688       0.817328
            134       0.462044         2.4929        2.95495      0.0310726      0.0249561       0.803155
            135       0.470399        2.55234        3.02274      0.0327514      0.0258135       0.788164
            136       0.478951        2.61326        3.09221      0.0344836      0.0266328       0.772335
            137       0.487701        2.67567        3.16338      0.0362678      0.0274058       0.755651
            138       0.496654        2.73959        3.23624      0.0381025      0.0281234         0.7381
            139       0.505813        2.80501        3.31082      0.0399859      0.0287766       0.719669
            140       0.515181        2.87195        3.38713      0.0419158      0.0293559       0.700353
            141       0.524762        2.94041        3.46517      0.0438897      0.0298515       0.680149
            142        0.53456         3.0104        3.54496      0.0459047      0.0302538       0.659057
            143       0.544576        3.08191        3.62648      0.0479576      0.0305531       0.637086
            144       0.554815        3.15494        3.70975      0.0500448      0.0307398       0.614246
            145       0.565278        3.22948        3.79476      0.0521623      0.0308047       0.590556
            146       0.575969        3.30553         3.8815      0.0543058      0.0307391       0.566037
            147        0.58689        3.38308        3.96997      0.0564708      0.0305349        0.54072
            148       0.598044        3.46211        4.06016      0.0586521      0.0301847       0.514639
            149       0.609431        3.54261        4.15204      0.0608445      0.0296822       0.487836
            150       0.621055        3.62456        4.24561      0.0630424      0.0290222        0.46036
            151       0.632917        3.70793        4.34084      0.0652398      0.0282009       0.432265
            152       0.645018         3.7927        4.43772      0.0674306      0.0272158       0.403612
            153        0.65736        3.87884         4.5362      0.0696085      0.0260661       0.374468
            154       0.669944        3.96632        4.63627      0.0717667      0.0247528       0.344906
            155       0.682769        4.05511        4.73788      0.0738988      0.0232784       0.315004
            156       0.695838        4.14518        4.84102      0.0759977      0.0216477       0.284846
            157        0.70915        4.23648        4.94563      0.0780568      0.0198671       0.254521
            158       0.722705        4.32897        5.05168      0.0800691      0.0179451        0.22412
            159       0.736502        4.42262        5.15913      0.0820279       0.015892       0.193739
            160       0.750542        4.51738        5.26792      0.0839265        0.01372       0.163476
            161       0.764824         4.6132        5.37803      0.0857583      0.0114427        0.13343
            162       0.779346        4.71005        5.48939       0.087517     0.00907568       0.103702
            163       0.794107        4.80786        5.60196      0.0891967     0.00663547      0.0743914
            164       0.809107        4.90659         5.7157      0.0907916     0.00413991       0.045598
            165       0.824342         5.0062        5.83054      0.0922963     0.00160769      0.0174188
            166       0.839811        5.10663        5.94644       0.093706   -0.000941936      -0.010052
            167       0.855512        5.20784        6.06336      0.0950162    -0.00348937      -0.036724
            168       0.871443        5.30978        6.18123      0.0962229    -0.00601502     -0.0625113
            169         0.8876         5.4124            6.3      0.0973227    -0.00849956     -0.0873338
            170       0.903981        5.51566        6.41964      0.0983126     -0.0109242      -0.111117
            171       0.920584         5.6195        6.54009      0.0991905     -0.0132712      -0.133795
            172       0.937404         5.7239         6.6613      0.0999545     -0.0155235      -0.155306
            173        0.95444        5.82879        6.78323       0.100603     -0.0176659      -0.175599
            174       0.971686        5.93416        6.90584       0.101137     -0.0196843      -0.194631
            175       0.989141        6.03995        7.02909       0.101555     -0.0215666      -0.212365
            176         1.0068        6.14613        7.15293       0.101858     -0.0233024      -0.228774
            177        1.02466        6.25268        7.27734       0.102047     -0.0248831      -0.243841
            178        1.04272        6.35956        7.40227       0.102123     -0.0263023      -0.257554
            179        1.06097        6.46674         7.5277        0.10209     -0.0275555      -0.269913
            180        1.07941         6.5742        7.65361        0.10195     -0.0286399      -0.280922
            181        1.09803        6.68192        7.77996       0.101704     -0.0295548      -0.290595
            182        1.11684        6.78989        7.90673       0.101358     -0.0303014      -0.298953
            183        1.13583        6.89808        8.03391       0.100915     -0.0308822      -0.306023
            184        1.15499        7.00649        8.16148       0.100378     -0.0313015      -0.311836
            185        1.17432        7.11511        8.28943      0.0997523     -0.0315649      -0.316433
            186        1.19382        7.22392        8.41774      0.0990421     -0.0316791      -0.319854
            187        1.21348        7.33293        8.54642      0.0982522     -0.0316518      -0.322148
            188        1.23331        7.44214        8.67545      0.0973873     -0.0314917      -0.323366
            189        1.25329        7.55155        8.80484      0.0964523      -0.031208      -0.323559
            190        1.27343        7.66116        8.93459      0.0954521     -0.0308105      -0.322785
            191        1.29372        7.77097         9.0647      0.0943917     -0.0303091      -0.321099
            192        1.31416        7.88101        9.19517      0.0932761     -0.0297141      -0.318561
            193        1.33475        7.99127        9.32602      0.0921101     -0.0290358      -0.315229
            194        1.35548        8.10177        9.45725      0.0908986     -0.0282842      -0.311162
            195        1.37635        8.21253        9.58888      0.0896462     -0.0274692      -0.306419
            196        1.39736        8.32356        9.72092      0.0883575     -0.0266006      -0.301056
            197        1.41851        8.43488        9.85338       0.087037     -0.0256874      -0.295132
            198        1.43979         8.5465        9.98629      0.0856889     -0.0247384      -0.288701
            199         1.4612        8.65844        10.1196      0.0843174      -0.023762      -0.281816
            200        1.48275        8.77073        10.2535      0.0829265     -0.0227657      -0.274529